130.731203
130.728165
130.7306183
130.726848
130.728094
130.7399497
130.69506
130.692925
130.702027224114
130.700024
130.725085
130.725461
130.722104
130.721046
130.722009
130.7261754
130.729448
130.72325
130.749869
130.758215
130.741402
130.74504
130.720253
130.731902
130.715085
130.714035
130.725568
130.725341
130.722946
130.720156
130.717069
130.701795
130.700032
130.698705
130.694759
130.702732
130.710128
130.704112
130.704457
130.695933
130.6956943
130.709322
130.708212
130.712517
130.716847
130.713765
130.738785
130.740052
130.747132
130.740412
130.734740518372
130.736607
130.718431
130.714967
130.735808
130.729586
130.732673
130.719695
130.72094
130.7075609
130.70534
130.71715
130.708133
130.773298
130.771715
130.767996
130.7718776
130.7690237
130.7775639
130.753034
130.7561062
130.739992
130.7344769
130.754073
130.757077955045
130.753283
130.752403
130.750479
130.748048
130.754102
130.764276
130.76483
130.776701
130.781765
130.782984
130.77401
130.771003
130.765997
130.793929
130.792208
130.779154
130.776542
130.775381
130.770825
130.779632
130.778442
130.77462
130.787379
130.747984
130.75577
130.745198
130.74626
130.767843
130.766789
130.771003
130.768891
130.778235
130.763405
130.704221
130.698625
130.70283
130.695025
130.67139
130.665237
130.676509
130.647610567625
130.634586
130.63292
130.636119
130.685916
130.691058
130.583855
130.591517
130.586976
130.590585
130.65709
130.649328
130.6468008
130.6504245
130.6827819
130.6865109
130.680424
130.680077
130.684143
130.678545
130.683822
130.656297
130.628934
130.627417
130.634497
130.694862
130.690747
130.694856
130.685321
130.689592
130.625217
130.614508
130.634725
130.642815
130.640674
130.643095
130.662154
130.653522
130.651588
130.659945
130.633948
130.653539
130.663054
130.62465
130.636153
130.636721
130.627347
130.681744
130.686871
130.694368
130.6970144
130.6889785
130.686263
130.691177
130.645822
130.720313
130.715791
130.705513
130.711245
130.705439
130.724035
130.728213
130.680967
130.684102
130.678073
130.660381
130.689465
130.691744
130.697754
130.699259
130.712253
130.716055
130.715102
130.708976
130.712454
130.681428
130.677426
130.681405
130.68216
130.67152
130.673652
130.667863
130.728886
130.7481883
130.740024
130.729282
130.726723
130.727294
130.7382964
130.713725
130.74537
130.744486
130.747705
130.693554
130.703005
130.704649
130.702977
130.758427
130.756616615079
130.674532
130.684282
130.697337
130.690622
130.707767
130.695545
130.6932352
130.721639
130.724312
130.728767
130.717805
130.730549
130.733967
130.722168
130.713302
130.716955
130.764407
130.7645015
130.760556
130.761389
130.765309
130.7448517
130.664769
130.662264
130.702587
130.709333
130.684976
130.687506
130.704104
130.695971
130.75355
130.755617
130.748286
130.659983
130.72358
130.724589966336
130.767996
130.772639
130.769646
130.780751
130.681721
130.686642
130.717646
130.70948
130.703236
130.6105499
130.7113432
130.6693642
130.6957953
130.6542919
130.6296829
130.7420971
130.6572173
130.5926186
130.7160725
130.7177427
130.807954
130.9660778
130.6299709
130.6232314
130.6483964
130.6638604
130.7911911
130.8751561
130.9051424
130.5987753
130.5729904
130.6167216
130.5881876
130.6036164
130.5973481
130.5589404
130.5922871
130.6398451
130.6141942
130.5905287
130.6485263
130.5941647
130.9139893
130.6457482
130.6947447
130.596347
130.6337742
130.5788893
130.5564617
130.890927
130.7163037
130.6330212
130.6226956
130.6524197
130.6013841
130.5844607
130.6244933
130.5993951
130.6535977
130.6031936
130.5916634
130.6018265
130.581584
130.616823
130.5947204
130.5741709
130.5840483
130.6140257
130.5759825
130.6124282
130.5797089
130.57916
130.6081132
130.6405948
130.5598938
130.6926444
130.5971988
130.6152536
130.6404608
130.6307977
130.5981173
130.6638143
130.635252
130.5579365
130.6350252
130.630074
130.6459534
130.6387179
130.615858
130.5745724
130.6036009
130.6408968
130.673679
130.6172245
130.6571188
130.6173808
130.6162265
130.5751754
130.5549444
130.6946373
130.6043476
130.6692674
130.6039066
130.6314221
130.5971055
130.6032852
130.6083267
130.6059444
130.6068469
130.6620706
130.6331534
130.6156407
130.6656367
130.6015176
130.6356907
130.6064595
130.6357005
130.5803311
130.6090224
130.6247454
130.6610728
130.7167759
130.7177839
130.7793851
130.8369844
130.6091784
130.766161803001
130.759861988962
130.769041
130.779006
130.762739
130.777083
130.754454459995
130.7599089
130.7530179
130.766611
130.7665345
130.7755376
130.775517
130.6822905
130.803153047577
130.803967450961
130.8021827
130.736667
130.736581
130.7361907
130.6890843
130.7395713
130.7391314
130.7450394
130.7195342
130.744494472988
130.7243576
130.740703
130.763906729041
130.437268
130.446704
130.436625
130.451434
130.463807
130.489071
130.482539
130.439497
130.447137
