
32.789046
32.787735
32.783234
32.784081
32.775036
32.77464589
32.80239
32.803535
32.8065863427537
32.800929
32.798861
32.801929
32.80339
32.797825
32.794533
32.80003629
32.804308
32.811298
32.80193
32.807334
32.802307
32.801179
32.814575
32.816408
32.817869
32.815799
32.816174
32.81121293
32.817782
32.81983876
32.82008
32.797031
32.789394
32.787578
32.791475
32.793877
32.81301698
32.81728
32.81789
32.795878
32.79594238
32.808347
32.808708
32.799777
32.802677
32.793042
32.787241
32.786891
32.792407
32.794474
32.7900746263823
32.785117
32.809114
32.805159
32.803944
32.799883
32.80634
32.790061
32.79352
32.78826447
32.784347
32.780935
32.792637
32.771161
32.772485
32.774973
32.77058829
32.7758746
32.77573027
32.776778
32.76688948
32.767193
32.76411077
32.793805
32.790850283483
32.79161398
32.784179
32.783309
32.781329
32.779311
32.783268
32.781434
32.781405
32.788308
32.782509
32.839182
32.833972
32.821374
32.824541
32.824024
32.827905
32.817545
32.824587
32.805075
32.812627
32.81408
32.809762
32.801826
32.813052
32.809566
32.812435
32.811814
32.786564
32.78197
32.798119
32.797129
32.799699
32.772732
32.825171
32.820992
32.821846
32.824062
32.790488
32.78602
32.789091
32.7768502346275
32.778943
32.782574
32.776336
32.789842
32.790388
32.836669
32.828409
32.841892
32.828426
32.778041
32.782695
32.77426889
32.77571062
32.80565366
32.80685386
32.813785
32.810786
32.777815
32.779347
32.77566202
32.784237
32.76667
32.76686
32.773807
32.817577
32.822749
32.816554
32.825547
32.782321
32.812419
32.797802
32.796715
32.842398
32.841102
32.843362
32.763369
32.760083
32.75776
32.769027
32.754662
32.75444
32.75008
32.730577
32.734407
32.732919
32.717522
32.739586
32.7438
32.743748
32.73657896
32.73136252
32.748239
32.751467
32.741673
32.767956
32.772271
32.776677
32.770593
32.774204
32.762991
32.758796
32.714091
32.707161
32.716065
32.731069
32.766734
32.776944
32.765077
32.764194
32.766682
32.754308
32.749253
32.766221
32.758057
32.758665
32.76218
32.748779
32.761745
32.763349
32.755067
32.763295
32.708973
32.70785024
32.707404
32.71029
32.708173
32.724549
32.72316882
32.725853
32.690114
32.852321
32.855854
32.896477
32.869936
32.870162
32.867834
32.851333
32.8478695941107
32.896659
32.888723
32.902724
32.905268
32.912771
32.903881
32.90804745
32.841336
32.83281
32.829574
32.822905
32.849235
32.849718
32.844985
32.834114
32.962701
32.844132
32.84450051
32.837635
32.836342
32.844744
32.82868442
32.91052
32.908291
32.853621
32.839635
32.864902
32.84675
32.865291
32.848313
32.848279
32.848246
32.841351
32.883109
32.860232
32.861901311712
32.854032
32.8561
32.856207
32.853093
32.937435
32.919603
32.944999
32.941058
32.934364
32.50473737
32.54394448
32.44372485
32.4322344
32.3819193
32.41123396
32.51615217
32.43547009
32.49742503
32.54750599
32.54585143
32.54568
32.50177387
32.51522578
32.508643
32.56199167
32.52917627
32.57583142
32.48504804
32.48960356
32.48540003
32.53543988
32.48708486
32.46988906
32.55967579
32.507074
32.40722526
32.51934186
32.49930276
32.51841666
32.50918389
32.56292583
32.45272993
32.45889582
32.46784147
32.46986483
32.39679503
32.53504136
32.43494402
32.53938842
32.55611767
32.54563813
32.53443506
32.50995186
32.43366727
32.49857756
32.49647921
32.51130984
32.51062182
32.43557204
32.4921539
32.50931462
32.50952565
32.43915966
32.48907642
32.51879747
32.53419462
32.47659944
32.51732334
32.53759969
32.51909364
32.48055423
32.43923656
32.48753299
32.50133405
32.40740252
32.47019723
32.39825156
32.4836461
32.42573795
32.53706961
32.50786089
32.53002076
32.498734
32.40339896
32.53647209
32.53608905
32.5608606
32.41361195
32.50565184
32.4871456
32.56085133
32.42672103
32.44301094
32.41724114
32.43589398
32.41842623
32.40487122
32.43233721
32.53859241
32.43362079
32.53896724
32.50686011
32.51602016
32.51850409
32.51923057
32.5107344
32.4772137
32.48793666
32.47587042
32.56789406
32.56059139
32.5058486
32.55325331
32.49794417
32.59045449
32.53033211
32.49239027
32.50732987
32.50725344
32.49131306
32.56516623
32.54839428
32.53682354
32.57360857
32.54354401
32.48794646
32.2161696421823
32.2079236455698
32.220316
32.230209
32.211099
32.229309
32.2192837416634
32.21902081
32.22010185
32.203725
32.20307298
32.19618772
32.197378
32.13821225
32.1627636087486
32.1678631334136
32.16311136
32.206405
32.205616
32.20699036
32.19031104
32.21621412
32.21811533
32.21096201
32.22480555
32.2220635899078
32.23171569
32.232907
32.2044979642665
32.982109
32.975411
32.999883
33.000437
32.984913
32.99083
32.960654
32.966522
32.949563
